
Result:1

7 1 2 3 4 5 6 8 9 
3 4 5 6 8 9 1 2 7 
6 8 9 1 2 7 3 4 5 
1 2 3 7 5 4 9 6 8 
9 7 8 2 6 1 4 5 3 
4 5 6 8 9 3 2 7 1 
2 3 1 5 7 6 8 9 4 
5 6 4 9 1 8 7 3 2 
8 9 7 4 3 2 5 1 6 

Result:2

7 1 2 3 4 5 6 8 9 
3 4 5 6 8 9 1 2 7 
6 8 9 1 2 7 3 4 5 
1 2 3 7 5 4 9 6 8 
9 7 8 2 6 1 4 5 3 
4 5 6 8 9 3 2 7 1 
2 3 1 5 7 6 8 9 4 
5 6 4 9 3 8 7 1 2 
8 9 7 4 1 2 5 3 6 

Result:3

7 1 2 3 4 5 6 8 9 
3 4 5 6 8 9 1 2 7 
6 8 9 1 2 7 3 4 5 
1 2 3 7 5 4 9 6 8 
9 7 8 2 6 1 4 5 3 
4 5 6 8 9 3 2 7 1 
2 3 1 5 7 6 8 9 4 
8 9 7 4 1 2 5 3 6 
5 6 4 9 3 8 7 1 2 

Result:4

7 1 2 3 4 5 6 8 9 
3 4 5 6 8 9 1 2 7 
6 8 9 1 2 7 3 4 5 
1 2 3 7 5 4 9 6 8 
9 7 8 2 6 1 4 5 3 
4 5 6 8 9 3 2 7 1 
2 3 1 5 7 6 8 9 4 
8 9 7 4 3 2 5 1 6 
5 6 4 9 1 8 7 3 2 

Result:5

7 1 2 3 4 5 6 8 9 
3 4 5 6 8 9 1 2 7 
6 8 9 1 2 7 3 4 5 
1 2 3 7 5 4 9 6 8 
9 7 8 2 6 1 4 5 3 
4 5 6 8 9 3 2 7 1 
2 3 7 5 1 6 8 9 4 
5 6 4 9 3 8 7 1 2 
8 9 1 4 7 2 5 3 6 

Result:6

7 1 2 3 4 5 6 8 9 
3 4 5 6 8 9 1 2 7 
6 8 9 1 2 7 3 4 5 
1 2 3 7 5 4 9 6 8 
9 7 8 2 6 1 4 5 3 
4 5 6 8 9 3 2 7 1 
2 3 7 5 1 6 8 9 4 
8 9 1 4 7 2 5 3 6 
5 6 4 9 3 8 7 1 2 

Result:7

7 1 2 3 4 5 6 8 9 
3 4 5 6 8 9 1 2 7 
6 8 9 1 2 7 3 4 5 
1 2 3 7 5 4 9 6 8 
9 7 8 2 6 1 4 5 3 
4 5 6 8 9 3 2 7 1 
2 9 1 5 7 6 8 3 4 
5 6 4 9 3 8 7 1 2 
8 3 7 4 1 2 5 9 6 

Result:8

7 1 2 3 4 5 6 8 9 
3 4 5 6 8 9 1 2 7 
6 8 9 1 2 7 3 4 5 
1 2 3 7 5 4 9 6 8 
9 7 8 2 6 1 4 5 3 
4 5 6 8 9 3 2 7 1 
2 9 1 5 7 6 8 3 4 
8 3 7 4 1 2 5 9 6 
5 6 4 9 3 8 7 1 2 

Result:9

7 1 2 3 4 5 6 8 9 
3 4 5 6 8 9 1 2 7 
6 8 9 1 2 7 3 4 5 
1 2 3 7 5 4 9 6 8 
9 7 8 2 6 1 4 5 3 
4 5 6 8 9 3 2 7 1 
2 9 7 5 1 6 8 3 4 
5 6 1 4 3 8 7 9 2 
8 3 4 9 7 2 5 1 6 

Result:10

7 1 2 3 4 5 6 8 9 
3 4 5 6 8 9 1 2 7 
6 8 9 1 2 7 3 4 5 
1 2 3 7 5 4 9 6 8 
9 7 8 2 6 1 4 5 3 
4 5 6 8 9 3 2 7 1 
2 9 7 5 1 6 8 3 4 
5 6 4 9 3 8 7 1 2 
8 3 1 4 7 2 5 9 6 

Result:11

7 1 2 3 4 5 6 8 9 
3 4 5 6 8 9 1 2 7 
6 8 9 1 2 7 3 4 5 
1 2 3 7 5 4 9 6 8 
9 7 8 2 6 1 4 5 3 
4 5 6 8 9 3 2 7 1 
2 9 7 5 1 6 8 3 4 
8 3 1 4 7 2 5 9 6 
5 6 4 9 3 8 7 1 2 

Result:12

7 1 2 3 4 5 6 8 9 
3 4 5 6 8 9 1 2 7 
6 8 9 1 2 7 3 4 5 
1 2 3 7 5 4 9 6 8 
9 7 8 2 6 1 4 5 3 
4 5 6 8 9 3 2 7 1 
2 9 7 5 1 6 8 3 4 
8 3 4 9 7 2 5 1 6 
5 6 1 4 3 8 7 9 2 

Result:13

7 1 2 3 4 5 6 8 9 
3 4 5 6 8 9 1 2 7 
6 8 9 1 2 7 3 4 5 
1 2 3 7 5 4 9 6 8 
9 7 8 2 6 1 4 5 3 
4 5 6 8 9 3 2 7 1 
2 9 7 5 3 6 8 1 4 
5 6 4 9 1 8 7 3 2 
8 3 1 4 7 2 5 9 6 

Result:14

7 1 2 3 4 5 6 8 9 
3 4 5 6 8 9 1 2 7 
6 8 9 1 2 7 3 4 5 
1 2 3 7 5 4 9 6 8 
9 7 8 2 6 1 4 5 3 
4 5 6 8 9 3 2 7 1 
2 9 7 5 3 6 8 1 4 
8 3 1 4 7 2 5 9 6 
5 6 4 9 1 8 7 3 2 

Result:15

7 1 2 3 4 5 6 8 9 
3 4 5 6 8 9 1 2 7 
6 8 9 1 2 7 3 4 5 
1 2 3 7 5 4 9 6 8 
9 7 8 2 6 1 4 5 3 
4 5 6 8 9 3 2 7 1 
2 3 1 4 7 8 5 9 6 
5 6 7 9 1 2 8 3 4 
8 9 4 5 3 6 7 1 2 

Result:16

7 1 2 3 4 5 6 8 9 
3 4 5 6 8 9 1 2 7 
6 8 9 1 2 7 3 4 5 
1 2 3 7 5 4 9 6 8 
9 7 8 2 6 1 4 5 3 
4 5 6 8 9 3 2 7 1 
2 3 1 4 7 8 5 9 6 
5 6 7 9 3 2 8 1 4 
8 9 4 5 1 6 7 3 2 

Result:17

7 1 2 3 4 5 6 8 9 
3 4 5 6 8 9 1 2 7 
6 8 9 1 2 7 3 4 5 
1 2 3 7 5 4 9 6 8 
9 7 8 2 6 1 4 5 3 
4 5 6 8 9 3 2 7 1 
2 3 1 4 7 8 5 9 6 
8 9 4 5 1 6 7 3 2 
5 6 7 9 3 2 8 1 4 

Result:18

7 1 2 3 4 5 6 8 9 
3 4 5 6 8 9 1 2 7 
6 8 9 1 2 7 3 4 5 
1 2 3 7 5 4 9 6 8 
9 7 8 2 6 1 4 5 3 
4 5 6 8 9 3 2 7 1 
2 3 1 4 7 8 5 9 6 
8 9 4 5 3 6 7 1 2 
5 6 7 9 1 2 8 3 4 

Result:19

7 1 2 3 4 5 6 8 9 
3 4 5 6 8 9 1 2 7 
6 8 9 1 2 7 3 4 5 
1 2 3 7 5 4 9 6 8 
9 7 8 2 6 1 4 5 3 
4 5 6 8 9 3 2 7 1 
2 3 7 4 1 8 5 9 6 
5 6 1 9 7 2 8 3 4 
8 9 4 5 3 6 7 1 2 

Result:20

7 1 2 3 4 5 6 8 9 
3 4 5 6 8 9 1 2 7 
6 8 9 1 2 7 3 4 5 
1 2 3 7 5 4 9 6 8 
9 7 8 2 6 1 4 5 3 
4 5 6 8 9 3 2 7 1 
2 3 7 4 1 8 5 9 6 
8 9 4 5 3 6 7 1 2 
5 6 1 9 7 2 8 3 4 

Result:21

7 1 2 3 4 5 6 8 9 
3 4 5 6 8 9 1 2 7 
6 8 9 1 2 7 3 4 5 
1 2 3 7 5 4 9 6 8 
9 7 8 2 6 1 4 5 3 
4 5 6 8 9 3 2 7 1 
2 9 1 4 7 8 5 3 6 
5 6 7 9 3 2 8 1 4 
8 3 4 5 1 6 7 9 2 

Result:22

7 1 2 3 4 5 6 8 9 
3 4 5 6 8 9 1 2 7 
6 8 9 1 2 7 3 4 5 
1 2 3 7 5 4 9 6 8 
9 7 8 2 6 1 4 5 3 
4 5 6 8 9 3 2 7 1 
2 9 1 4 7 8 5 3 6 
8 3 4 5 1 6 7 9 2 
5 6 7 9 3 2 8 1 4 

Result:23

7 1 2 3 4 5 6 8 9 
3 4 5 6 8 9 1 2 7 
6 8 9 1 2 7 3 4 5 
1 2 3 7 5 4 9 6 8 
9 7 8 2 6 1 4 5 3 
4 5 6 8 9 3 2 7 1 
2 9 7 4 1 8 5 3 6 
5 3 4 9 7 6 8 1 2 
8 6 1 5 3 2 7 9 4 

Result:24

7 1 2 3 4 5 6 8 9 
3 4 5 6 8 9 1 2 7 
6 8 9 1 2 7 3 4 5 
1 2 3 7 5 4 9 6 8 
9 7 8 2 6 1 4 5 3 
4 5 6 8 9 3 2 7 1 
2 9 7 4 1 8 5 3 6 
8 6 1 5 3 2 7 9 4 
5 3 4 9 7 6 8 1 2 

Result:25

7 1 2 3 4 5 6 8 9 
3 4 5 6 8 9 1 2 7 
6 8 9 1 2 7 3 4 5 
1 2 3 7 5 4 9 6 8 
9 7 8 2 6 1 4 5 3 
4 5 6 8 9 3 2 7 1 
2 9 7 4 3 8 5 1 6 
5 6 1 9 7 2 8 3 4 
8 3 4 5 1 6 7 9 2 

Result:26

7 1 2 3 4 5 6 8 9 
3 4 5 6 8 9 1 2 7 
6 8 9 1 2 7 3 4 5 
1 2 3 7 5 4 9 6 8 
9 7 8 2 6 1 4 5 3 
4 5 6 8 9 3 2 7 1 
2 9 7 4 3 8 5 1 6 
8 3 4 5 1 6 7 9 2 
5 6 1 9 7 2 8 3 4 

Result:27

7 1 2 3 4 5 6 8 9 
3 4 5 6 8 9 1 2 7 
6 8 9 1 2 7 3 4 5 
1 2 3 7 5 4 9 6 8 
9 7 8 2 6 1 4 5 3 
4 5 6 8 9 3 2 7 1 
2 3 4 9 7 8 5 1 6 
5 9 7 4 1 6 8 3 2 
8 6 1 5 3 2 7 9 4 

Result:28

7 1 2 3 4 5 6 8 9 
3 4 5 6 8 9 1 2 7 
6 8 9 1 2 7 3 4 5 
1 2 3 7 5 4 9 6 8 
9 7 8 2 6 1 4 5 3 
4 5 6 8 9 3 2 7 1 
2 3 4 9 7 8 5 1 6 
8 6 1 5 3 2 7 9 4 
5 9 7 4 1 6 8 3 2 

Result:29

7 1 2 3 4 5 6 8 9 
3 4 5 6 8 9 1 2 7 
6 8 9 1 2 7 3 4 5 
1 2 3 7 5 4 9 6 8 
9 7 8 2 6 1 4 5 3 
4 5 6 8 9 3 2 7 1 
2 6 1 9 7 8 5 3 4 
5 3 7 4 1 2 8 9 6 
8 9 4 5 3 6 7 1 2 

Result:30

7 1 2 3 4 5 6 8 9 
3 4 5 6 8 9 1 2 7 
6 8 9 1 2 7 3 4 5 
1 2 3 7 5 4 9 6 8 
9 7 8 2 6 1 4 5 3 
4 5 6 8 9 3 2 7 1 
2 6 1 9 7 8 5 3 4 
5 3 7 4 1 6 8 9 2 
8 9 4 5 3 2 7 1 6 

Result:31

7 1 2 3 4 5 6 8 9 
3 4 5 6 8 9 1 2 7 
6 8 9 1 2 7 3 4 5 
1 2 3 7 5 4 9 6 8 
9 7 8 2 6 1 4 5 3 
4 5 6 8 9 3 2 7 1 
2 6 1 9 7 8 5 3 4 
5 9 7 4 3 2 8 1 6 
8 3 4 5 1 6 7 9 2 

Result:32

7 1 2 3 4 5 6 8 9 
3 4 5 6 8 9 1 2 7 
6 8 9 1 2 7 3 4 5 
1 2 3 7 5 4 9 6 8 
9 7 8 2 6 1 4 5 3 
4 5 6 8 9 3 2 7 1 
2 6 1 9 7 8 5 3 4 
5 9 7 4 3 6 8 1 2 
8 3 4 5 1 2 7 9 6 

Result:33

7 1 2 3 4 5 6 8 9 
3 4 5 6 8 9 1 2 7 
6 8 9 1 2 7 3 4 5 
1 2 3 7 5 4 9 6 8 
9 7 8 2 6 1 4 5 3 
4 5 6 8 9 3 2 7 1 
2 6 1 9 7 8 5 3 4 
8 3 4 5 1 2 7 9 6 
5 9 7 4 3 6 8 1 2 

Result:34

7 1 2 3 4 5 6 8 9 
3 4 5 6 8 9 1 2 7 
6 8 9 1 2 7 3 4 5 
1 2 3 7 5 4 9 6 8 
9 7 8 2 6 1 4 5 3 
4 5 6 8 9 3 2 7 1 
2 6 1 9 7 8 5 3 4 
8 3 4 5 1 6 7 9 2 
5 9 7 4 3 2 8 1 6 

Result:35

7 1 2 3 4 5 6 8 9 
3 4 5 6 8 9 1 2 7 
6 8 9 1 2 7 3 4 5 
1 2 3 7 5 4 9 6 8 
9 7 8 2 6 1 4 5 3 
4 5 6 8 9 3 2 7 1 
2 6 1 9 7 8 5 3 4 
8 9 4 5 3 2 7 1 6 
5 3 7 4 1 6 8 9 2 

Result:36

7 1 2 3 4 5 6 8 9 
3 4 5 6 8 9 1 2 7 
6 8 9 1 2 7 3 4 5 
1 2 3 7 5 4 9 6 8 
9 7 8 2 6 1 4 5 3 
4 5 6 8 9 3 2 7 1 
2 6 1 9 7 8 5 3 4 
8 9 4 5 3 6 7 1 2 
5 3 7 4 1 2 8 9 6 

Result:37

7 1 2 3 4 5 6 8 9 
3 4 5 6 8 9 1 2 7 
6 8 9 1 2 7 3 4 5 
1 2 3 7 5 4 9 6 8 
9 7 8 2 6 1 4 5 3 
4 5 6 8 9 3 2 7 1 
2 6 7 9 1 8 5 3 4 
5 3 1 4 7 2 8 9 6 
8 9 4 5 3 6 7 1 2 

Result:38

7 1 2 3 4 5 6 8 9 
3 4 5 6 8 9 1 2 7 
6 8 9 1 2 7 3 4 5 
1 2 3 7 5 4 9 6 8 
9 7 8 2 6 1 4 5 3 
4 5 6 8 9 3 2 7 1 
2 6 7 9 1 8 5 3 4 
5 3 1 4 7 6 8 9 2 
8 9 4 5 3 2 7 1 6 

Result:39

7 1 2 3 4 5 6 8 9 
3 4 5 6 8 9 1 2 7 
6 8 9 1 2 7 3 4 5 
1 2 3 7 5 4 9 6 8 
9 7 8 2 6 1 4 5 3 
4 5 6 8 9 3 2 7 1 
2 6 7 9 1 8 5 3 4 
8 9 4 5 3 2 7 1 6 
5 3 1 4 7 6 8 9 2 

Result:40

7 1 2 3 4 5 6 8 9 
3 4 5 6 8 9 1 2 7 
6 8 9 1 2 7 3 4 5 
1 2 3 7 5 4 9 6 8 
9 7 8 2 6 1 4 5 3 
4 5 6 8 9 3 2 7 1 
2 6 7 9 1 8 5 3 4 
8 9 4 5 3 6 7 1 2 
5 3 1 4 7 2 8 9 6 

Result:41

7 1 2 3 4 5 6 8 9 
3 4 5 6 8 9 1 2 7 
6 8 9 1 2 7 3 4 5 
1 2 3 7 5 4 9 6 8 
9 7 8 2 6 1 4 5 3 
4 5 6 8 9 3 2 7 1 
2 6 7 9 3 8 5 1 4 
5 3 1 4 7 2 8 9 6 
8 9 4 5 1 6 7 3 2 

Result:42

7 1 2 3 4 5 6 8 9 
3 4 5 6 8 9 1 2 7 
6 8 9 1 2 7 3 4 5 
1 2 3 7 5 4 9 6 8 
9 7 8 2 6 1 4 5 3 
4 5 6 8 9 3 2 7 1 
2 6 7 9 3 8 5 1 4 
5 3 1 4 7 6 8 9 2 
8 9 4 5 1 2 7 3 6 

Result:43

7 1 2 3 4 5 6 8 9 
3 4 5 6 8 9 1 2 7 
6 8 9 1 2 7 3 4 5 
1 2 3 7 5 4 9 6 8 
9 7 8 2 6 1 4 5 3 
4 5 6 8 9 3 2 7 1 
2 6 7 9 3 8 5 1 4 
5 9 1 4 7 2 8 3 6 
8 3 4 5 1 6 7 9 2 

Result:44

7 1 2 3 4 5 6 8 9 
3 4 5 6 8 9 1 2 7 
6 8 9 1 2 7 3 4 5 
1 2 3 7 5 4 9 6 8 
9 7 8 2 6 1 4 5 3 
4 5 6 8 9 3 2 7 1 
2 6 7 9 3 8 5 1 4 
5 9 1 4 7 6 8 3 2 
8 3 4 5 1 2 7 9 6 

Result:45

7 1 2 3 4 5 6 8 9 
3 4 5 6 8 9 1 2 7 
6 8 9 1 2 7 3 4 5 
1 2 3 7 5 4 9 6 8 
9 7 8 2 6 1 4 5 3 
4 5 6 8 9 3 2 7 1 
2 6 7 9 3 8 5 1 4 
8 3 4 5 1 2 7 9 6 
5 9 1 4 7 6 8 3 2 

Result:46

7 1 2 3 4 5 6 8 9 
3 4 5 6 8 9 1 2 7 
6 8 9 1 2 7 3 4 5 
1 2 3 7 5 4 9 6 8 
9 7 8 2 6 1 4 5 3 
4 5 6 8 9 3 2 7 1 
2 6 7 9 3 8 5 1 4 
8 3 4 5 1 6 7 9 2 
5 9 1 4 7 2 8 3 6 

Result:47

7 1 2 3 4 5 6 8 9 
3 4 5 6 8 9 1 2 7 
6 8 9 1 2 7 3 4 5 
1 2 3 7 5 4 9 6 8 
9 7 8 2 6 1 4 5 3 
4 5 6 8 9 3 2 7 1 
2 6 7 9 3 8 5 1 4 
8 9 4 5 1 2 7 3 6 
5 3 1 4 7 6 8 9 2 

Result:48

7 1 2 3 4 5 6 8 9 
3 4 5 6 8 9 1 2 7 
6 8 9 1 2 7 3 4 5 
1 2 3 7 5 4 9 6 8 
9 7 8 2 6 1 4 5 3 
4 5 6 8 9 3 2 7 1 
2 6 7 9 3 8 5 1 4 
8 9 4 5 1 6 7 3 2 
5 3 1 4 7 2 8 9 6 

Result:49

7 1 2 3 4 5 6 8 9 
3 4 5 6 8 9 1 2 7 
6 8 9 1 2 7 3 4 5 
1 2 3 7 5 4 9 6 8 
9 7 8 2 6 1 4 5 3 
4 5 6 8 9 3 2 7 1 
2 6 1 5 3 8 7 9 4 
5 3 4 9 7 2 8 1 6 
8 9 7 4 1 6 5 3 2 

Result:50

7 1 2 3 4 5 6 8 9 
3 4 5 6 8 9 1 2 7 
6 8 9 1 2 7 3 4 5 
1 2 3 7 5 4 9 6 8 
9 7 8 2 6 1 4 5 3 
4 5 6 8 9 3 2 7 1 
2 6 1 5 3 8 7 9 4 
5 3 4 9 7 6 8 1 2 
8 9 7 4 1 2 5 3 6 

Result:51

7 1 2 3 4 5 6 8 9 
3 4 5 6 8 9 1 2 7 
6 8 9 1 2 7 3 4 5 
1 2 3 7 5 4 9 6 8 
9 7 8 2 6 1 4 5 3 
4 5 6 8 9 3 2 7 1 
2 6 1 5 3 8 7 9 4 
5 9 7 4 1 2 8 3 6 
8 3 4 9 7 6 5 1 2 

Result:52

7 1 2 3 4 5 6 8 9 
3 4 5 6 8 9 1 2 7 
6 8 9 1 2 7 3 4 5 
1 2 3 7 5 4 9 6 8 
9 7 8 2 6 1 4 5 3 
4 5 6 8 9 3 2 7 1 
2 6 1 5 3 8 7 9 4 
5 9 7 4 1 6 8 3 2 
8 3 4 9 7 2 5 1 6 

Result:53

7 1 2 3 4 5 6 8 9 
3 4 5 6 8 9 1 2 7 
6 8 9 1 2 7 3 4 5 
1 2 3 7 5 4 9 6 8 
9 7 8 2 6 1 4 5 3 
4 5 6 8 9 3 2 7 1 
2 6 1 5 3 8 7 9 4 
8 3 4 9 7 2 5 1 6 
5 9 7 4 1 6 8 3 2 

Result:54

7 1 2 3 4 5 6 8 9 
3 4 5 6 8 9 1 2 7 
6 8 9 1 2 7 3 4 5 
1 2 3 7 5 4 9 6 8 
9 7 8 2 6 1 4 5 3 
4 5 6 8 9 3 2 7 1 
2 6 1 5 3 8 7 9 4 
8 3 4 9 7 6 5 1 2 
5 9 7 4 1 2 8 3 6 

Result:55

7 1 2 3 4 5 6 8 9 
3 4 5 6 8 9 1 2 7 
6 8 9 1 2 7 3 4 5 
1 2 3 7 5 4 9 6 8 
9 7 8 2 6 1 4 5 3 
4 5 6 8 9 3 2 7 1 
2 6 1 5 3 8 7 9 4 
8 9 7 4 1 2 5 3 6 
5 3 4 9 7 6 8 1 2 

Result:56

7 1 2 3 4 5 6 8 9 
3 4 5 6 8 9 1 2 7 
6 8 9 1 2 7 3 4 5 
1 2 3 7 5 4 9 6 8 
9 7 8 2 6 1 4 5 3 
4 5 6 8 9 3 2 7 1 
2 6 1 5 3 8 7 9 4 
8 9 7 4 1 6 5 3 2 
5 3 4 9 7 2 8 1 6 

Result:57

7 1 2 3 4 5 6 8 9 
3 4 5 6 8 9 1 2 7 
6 8 9 1 2 7 3 4 5 
1 2 3 7 5 4 9 6 8 
9 7 8 2 6 1 4 5 3 
4 5 6 8 9 3 2 7 1 
2 3 4 5 1 8 7 9 6 
5 6 1 9 7 2 8 3 4 
8 9 7 4 3 6 5 1 2 

Result:58

7 1 2 3 4 5 6 8 9 
3 4 5 6 8 9 1 2 7 
6 8 9 1 2 7 3 4 5 
1 2 3 7 5 4 9 6 8 
9 7 8 2 6 1 4 5 3 
4 5 6 8 9 3 2 7 1 
2 3 4 5 1 8 7 9 6 
5 6 7 9 3 2 8 1 4 
8 9 1 4 7 6 5 3 2 

Result:59

7 1 2 3 4 5 6 8 9 
3 4 5 6 8 9 1 2 7 
6 8 9 1 2 7 3 4 5 
1 2 3 7 5 4 9 6 8 
9 7 8 2 6 1 4 5 3 
4 5 6 8 9 3 2 7 1 
2 3 4 5 1 8 7 9 6 
5 9 1 4 7 6 8 3 2 
8 6 7 9 3 2 5 1 4 

Result:60

7 1 2 3 4 5 6 8 9 
3 4 5 6 8 9 1 2 7 
6 8 9 1 2 7 3 4 5 
1 2 3 7 5 4 9 6 8 
9 7 8 2 6 1 4 5 3 
4 5 6 8 9 3 2 7 1 
2 3 4 5 1 8 7 9 6 
5 9 7 4 3 6 8 1 2 
8 6 1 9 7 2 5 3 4 

Result:61

7 1 2 3 4 5 6 8 9 
3 4 5 6 8 9 1 2 7 
6 8 9 1 2 7 3 4 5 
1 2 3 7 5 4 9 6 8 
9 7 8 2 6 1 4 5 3 
4 5 6 8 9 3 2 7 1 
2 3 4 5 1 8 7 9 6 
8 6 1 9 7 2 5 3 4 
5 9 7 4 3 6 8 1 2 

Result:62

7 1 2 3 4 5 6 8 9 
3 4 5 6 8 9 1 2 7 
6 8 9 1 2 7 3 4 5 
1 2 3 7 5 4 9 6 8 
9 7 8 2 6 1 4 5 3 
4 5 6 8 9 3 2 7 1 
2 3 4 5 1 8 7 9 6 
8 6 7 9 3 2 5 1 4 
5 9 1 4 7 6 8 3 2 

Result:63

7 1 2 3 4 5 6 8 9 
3 4 5 6 8 9 1 2 7 
6 8 9 1 2 7 3 4 5 
1 2 3 7 5 4 9 6 8 
9 7 8 2 6 1 4 5 3 
4 5 6 8 9 3 2 7 1 
2 3 4 5 1 8 7 9 6 
8 9 1 4 7 6 5 3 2 
5 6 7 9 3 2 8 1 4 

Result:64

7 1 2 3 4 5 6 8 9 
3 4 5 6 8 9 1 2 7 
6 8 9 1 2 7 3 4 5 
1 2 3 7 5 4 9 6 8 
9 7 8 2 6 1 4 5 3 
4 5 6 8 9 3 2 7 1 
2 3 4 5 1 8 7 9 6 
8 9 7 4 3 6 5 1 2 
5 6 1 9 7 2 8 3 4 

Result:65

7 1 2 3 4 5 6 8 9 
3 4 5 6 8 9 1 2 7 
6 8 9 1 2 7 3 4 5 
1 2 3 7 5 4 9 6 8 
9 7 8 2 6 1 4 5 3 
4 5 6 8 9 3 2 7 1 
2 9 4 5 1 8 7 3 6 
5 3 1 4 7 6 8 9 2 
8 6 7 9 3 2 5 1 4 

Result:66

7 1 2 3 4 5 6 8 9 
3 4 5 6 8 9 1 2 7 
6 8 9 1 2 7 3 4 5 
1 2 3 7 5 4 9 6 8 
9 7 8 2 6 1 4 5 3 
4 5 6 8 9 3 2 7 1 
2 9 4 5 1 8 7 3 6 
5 6 7 9 3 2 8 1 4 
8 3 1 4 7 6 5 9 2 

Result:67

7 1 2 3 4 5 6 8 9 
3 4 5 6 8 9 1 2 7 
6 8 9 1 2 7 3 4 5 
1 2 3 7 5 4 9 6 8 
9 7 8 2 6 1 4 5 3 
4 5 6 8 9 3 2 7 1 
2 9 4 5 1 8 7 3 6 
8 3 1 4 7 6 5 9 2 
5 6 7 9 3 2 8 1 4 

Result:68

7 1 2 3 4 5 6 8 9 
3 4 5 6 8 9 1 2 7 
6 8 9 1 2 7 3 4 5 
1 2 3 7 5 4 9 6 8 
9 7 8 2 6 1 4 5 3 
4 5 6 8 9 3 2 7 1 
2 9 4 5 1 8 7 3 6 
8 6 7 9 3 2 5 1 4 
5 3 1 4 7 6 8 9 2 

Result:69

7 1 2 3 4 5 6 8 9 
3 4 5 6 8 9 1 2 7 
6 8 9 1 2 7 3 4 5 
1 2 3 7 5 4 9 6 8 
9 7 8 2 6 1 4 5 3 
4 5 6 8 9 3 2 7 1 
2 9 4 5 3 8 7 1 6 
5 3 1 4 7 6 8 9 2 
8 6 7 9 1 2 5 3 4 

Result:70

7 1 2 3 4 5 6 8 9 
3 4 5 6 8 9 1 2 7 
6 8 9 1 2 7 3 4 5 
1 2 3 7 5 4 9 6 8 
9 7 8 2 6 1 4 5 3 
4 5 6 8 9 3 2 7 1 
2 9 4 5 3 8 7 1 6 
5 3 7 4 1 6 8 9 2 
8 6 1 9 7 2 5 3 4 

Result:71

7 1 2 3 4 5 6 8 9 
3 4 5 6 8 9 1 2 7 
6 8 9 1 2 7 3 4 5 
1 2 3 7 5 4 9 6 8 
9 7 8 2 6 1 4 5 3 
4 5 6 8 9 3 2 7 1 
2 9 4 5 3 8 7 1 6 
5 6 1 9 7 2 8 3 4 
8 3 7 4 1 6 5 9 2 

Result:72

7 1 2 3 4 5 6 8 9 
3 4 5 6 8 9 1 2 7 
6 8 9 1 2 7 3 4 5 
1 2 3 7 5 4 9 6 8 
9 7 8 2 6 1 4 5 3 
4 5 6 8 9 3 2 7 1 
2 9 4 5 3 8 7 1 6 
5 6 7 9 1 2 8 3 4 
8 3 1 4 7 6 5 9 2 

Result:73

7 1 2 3 4 5 6 8 9 
3 4 5 6 8 9 1 2 7 
6 8 9 1 2 7 3 4 5 
1 2 3 7 5 4 9 6 8 
9 7 8 2 6 1 4 5 3 
4 5 6 8 9 3 2 7 1 
2 9 4 5 3 8 7 1 6 
8 3 1 4 7 6 5 9 2 
5 6 7 9 1 2 8 3 4 

Result:74

7 1 2 3 4 5 6 8 9 
3 4 5 6 8 9 1 2 7 
6 8 9 1 2 7 3 4 5 
1 2 3 7 5 4 9 6 8 
9 7 8 2 6 1 4 5 3 
4 5 6 8 9 3 2 7 1 
2 9 4 5 3 8 7 1 6 
8 3 7 4 1 6 5 9 2 
5 6 1 9 7 2 8 3 4 

Result:75

7 1 2 3 4 5 6 8 9 
3 4 5 6 8 9 1 2 7 
6 8 9 1 2 7 3 4 5 
1 2 3 7 5 4 9 6 8 
9 7 8 2 6 1 4 5 3 
4 5 6 8 9 3 2 7 1 
2 9 4 5 3 8 7 1 6 
8 6 1 9 7 2 5 3 4 
5 3 7 4 1 6 8 9 2 

Result:76

7 1 2 3 4 5 6 8 9 
3 4 5 6 8 9 1 2 7 
6 8 9 1 2 7 3 4 5 
1 2 3 7 5 4 9 6 8 
9 7 8 2 6 1 4 5 3 
4 5 6 8 9 3 2 7 1 
2 9 4 5 3 8 7 1 6 
8 6 7 9 1 2 5 3 4 
5 3 1 4 7 6 8 9 2 

Result:77

7 1 2 3 4 5 6 8 9 
3 4 5 6 8 9 1 2 7 
6 8 9 1 2 7 3 4 5 
1 2 3 7 5 4 9 6 8 
9 7 8 2 6 1 4 5 3 
4 5 6 8 9 3 2 7 1 
5 6 1 4 3 8 7 9 2 
2 9 7 5 1 6 8 3 4 
8 3 4 9 7 2 5 1 6 

Result:78

7 1 2 3 4 5 6 8 9 
3 4 5 6 8 9 1 2 7 
6 8 9 1 2 7 3 4 5 
1 2 3 7 5 4 9 6 8 
9 7 8 2 6 1 4 5 3 
4 5 6 8 9 3 2 7 1 
5 6 1 4 3 8 7 9 2 
8 3 4 9 7 2 5 1 6 
2 9 7 5 1 6 8 3 4 

Result:79

7 1 2 3 4 5 6 8 9 
3 4 5 6 8 9 1 2 7 
6 8 9 1 2 7 3 4 5 
1 2 3 7 5 4 9 6 8 
9 7 8 2 6 1 4 5 3 
4 5 6 8 9 3 2 7 1 
5 3 1 4 7 2 8 9 6 
2 6 7 9 1 8 5 3 4 
8 9 4 5 3 6 7 1 2 

Result:80

7 1 2 3 4 5 6 8 9 
3 4 5 6 8 9 1 2 7 
6 8 9 1 2 7 3 4 5 
1 2 3 7 5 4 9 6 8 
9 7 8 2 6 1 4 5 3 
4 5 6 8 9 3 2 7 1 
5 3 1 4 7 2 8 9 6 
2 6 7 9 3 8 5 1 4 
8 9 4 5 1 6 7 3 2 

Result:81

7 1 2 3 4 5 6 8 9 
3 4 5 6 8 9 1 2 7 
6 8 9 1 2 7 3 4 5 
1 2 3 7 5 4 9 6 8 
9 7 8 2 6 1 4 5 3 
4 5 6 8 9 3 2 7 1 
5 3 1 4 7 2 8 9 6 
8 9 4 5 1 6 7 3 2 
2 6 7 9 3 8 5 1 4 

Result:82

7 1 2 3 4 5 6 8 9 
3 4 5 6 8 9 1 2 7 
6 8 9 1 2 7 3 4 5 
1 2 3 7 5 4 9 6 8 
9 7 8 2 6 1 4 5 3 
4 5 6 8 9 3 2 7 1 
5 3 1 4 7 2 8 9 6 
8 9 4 5 3 6 7 1 2 
2 6 7 9 1 8 5 3 4 

Result:83

7 1 2 3 4 5 6 8 9 
3 4 5 6 8 9 1 2 7 
6 8 9 1 2 7 3 4 5 
1 2 3 7 5 4 9 6 8 
9 7 8 2 6 1 4 5 3 
4 5 6 8 9 3 2 7 1 
5 9 1 4 7 2 8 3 6 
2 6 7 9 3 8 5 1 4 
8 3 4 5 1 6 7 9 2 

Result:84

7 1 2 3 4 5 6 8 9 
3 4 5 6 8 9 1 2 7 
6 8 9 1 2 7 3 4 5 
1 2 3 7 5 4 9 6 8 
9 7 8 2 6 1 4 5 3 
4 5 6 8 9 3 2 7 1 
5 9 1 4 7 2 8 3 6 
8 3 4 5 1 6 7 9 2 
2 6 7 9 3 8 5 1 4 

Result:85

7 1 2 3 4 5 6 8 9 
3 4 5 6 8 9 1 2 7 
6 8 9 1 2 7 3 4 5 
1 2 3 7 5 4 9 6 8 
9 7 8 2 6 1 4 5 3 
4 5 6 8 9 3 2 7 1 
5 3 1 4 7 6 8 9 2 
2 6 7 9 1 8 5 3 4 
8 9 4 5 3 2 7 1 6 

Result:86

7 1 2 3 4 5 6 8 9 
3 4 5 6 8 9 1 2 7 
6 8 9 1 2 7 3 4 5 
1 2 3 7 5 4 9 6 8 
9 7 8 2 6 1 4 5 3 
4 5 6 8 9 3 2 7 1 
5 3 1 4 7 6 8 9 2 
2 6 7 9 3 8 5 1 4 
8 9 4 5 1 2 7 3 6 

Result:87

7 1 2 3 4 5 6 8 9 
3 4 5 6 8 9 1 2 7 
6 8 9 1 2 7 3 4 5 
1 2 3 7 5 4 9 6 8 
9 7 8 2 6 1 4 5 3 
4 5 6 8 9 3 2 7 1 
5 3 1 4 7 6 8 9 2 
2 9 4 5 1 8 7 3 6 
8 6 7 9 3 2 5 1 4 

Result:88

7 1 2 3 4 5 6 8 9 
3 4 5 6 8 9 1 2 7 
6 8 9 1 2 7 3 4 5 
1 2 3 7 5 4 9 6 8 
9 7 8 2 6 1 4 5 3 
4 5 6 8 9 3 2 7 1 
5 3 1 4 7 6 8 9 2 
2 9 4 5 3 8 7 1 6 
8 6 7 9 1 2 5 3 4 

Result:89

7 1 2 3 4 5 6 8 9 
3 4 5 6 8 9 1 2 7 
6 8 9 1 2 7 3 4 5 
1 2 3 7 5 4 9 6 8 
9 7 8 2 6 1 4 5 3 
4 5 6 8 9 3 2 7 1 
5 3 1 4 7 6 8 9 2 
8 6 7 9 1 2 5 3 4 
2 9 4 5 3 8 7 1 6 

Result:90

7 1 2 3 4 5 6 8 9 
3 4 5 6 8 9 1 2 7 
6 8 9 1 2 7 3 4 5 
1 2 3 7 5 4 9 6 8 
9 7 8 2 6 1 4 5 3 
4 5 6 8 9 3 2 7 1 
5 3 1 4 7 6 8 9 2 
8 6 7 9 3 2 5 1 4 
2 9 4 5 1 8 7 3 6 

Result:91

7 1 2 3 4 5 6 8 9 
3 4 5 6 8 9 1 2 7 
6 8 9 1 2 7 3 4 5 
1 2 3 7 5 4 9 6 8 
9 7 8 2 6 1 4 5 3 
4 5 6 8 9 3 2 7 1 
5 3 1 4 7 6 8 9 2 
8 9 4 5 1 2 7 3 6 
2 6 7 9 3 8 5 1 4 

Result:92

7 1 2 3 4 5 6 8 9 
3 4 5 6 8 9 1 2 7 
6 8 9 1 2 7 3 4 5 
1 2 3 7 5 4 9 6 8 
9 7 8 2 6 1 4 5 3 
4 5 6 8 9 3 2 7 1 
5 3 1 4 7 6 8 9 2 
8 9 4 5 3 2 7 1 6 
2 6 7 9 1 8 5 3 4 

Result:93

7 1 2 3 4 5 6 8 9 
3 4 5 6 8 9 1 2 7 
6 8 9 1 2 7 3 4 5 
1 2 3 7 5 4 9 6 8 
9 7 8 2 6 1 4 5 3 
4 5 6 8 9 3 2 7 1 
5 9 1 4 7 6 8 3 2 
2 3 4 5 1 8 7 9 6 
8 6 7 9 3 2 5 1 4 

Result:94

7 1 2 3 4 5 6 8 9 
3 4 5 6 8 9 1 2 7 
6 8 9 1 2 7 3 4 5 
1 2 3 7 5 4 9 6 8 
9 7 8 2 6 1 4 5 3 
4 5 6 8 9 3 2 7 1 
5 9 1 4 7 6 8 3 2 
2 6 7 9 3 8 5 1 4 
8 3 4 5 1 2 7 9 6 

Result:95

7 1 2 3 4 5 6 8 9 
3 4 5 6 8 9 1 2 7 
6 8 9 1 2 7 3 4 5 
1 2 3 7 5 4 9 6 8 
9 7 8 2 6 1 4 5 3 
4 5 6 8 9 3 2 7 1 
5 9 1 4 7 6 8 3 2 
8 3 4 5 1 2 7 9 6 
2 6 7 9 3 8 5 1 4 

Result:96

7 1 2 3 4 5 6 8 9 
3 4 5 6 8 9 1 2 7 
6 8 9 1 2 7 3 4 5 
1 2 3 7 5 4 9 6 8 
9 7 8 2 6 1 4 5 3 
4 5 6 8 9 3 2 7 1 
5 9 1 4 7 6 8 3 2 
8 6 7 9 3 2 5 1 4 
2 3 4 5 1 8 7 9 6 

Result:97

7 1 2 3 4 5 6 8 9 
3 4 5 6 8 9 1 2 7 
6 8 9 1 2 7 3 4 5 
1 2 3 7 5 4 9 6 8 
9 7 8 2 6 1 4 5 3 
4 5 6 8 9 3 2 7 1 
5 3 7 4 1 2 8 9 6 
2 6 1 9 7 8 5 3 4 
8 9 4 5 3 6 7 1 2 

Result:98

7 1 2 3 4 5 6 8 9 
3 4 5 6 8 9 1 2 7 
6 8 9 1 2 7 3 4 5 
1 2 3 7 5 4 9 6 8 
9 7 8 2 6 1 4 5 3 
4 5 6 8 9 3 2 7 1 
5 3 7 4 1 2 8 9 6 
8 9 4 5 3 6 7 1 2 
2 6 1 9 7 8 5 3 4 

Result:99

7 1 2 3 4 5 6 8 9 
3 4 5 6 8 9 1 2 7 
6 8 9 1 2 7 3 4 5 
1 2 3 7 5 4 9 6 8 
9 7 8 2 6 1 4 5 3 
4 5 6 8 9 3 2 7 1 
5 9 7 4 1 2 8 3 6 
2 6 1 5 3 8 7 9 4 
8 3 4 9 7 6 5 1 2 

Result:100

7 1 2 3 4 5 6 8 9 
3 4 5 6 8 9 1 2 7 
6 8 9 1 2 7 3 4 5 
1 2 3 7 5 4 9 6 8 
9 7 8 2 6 1 4 5 3 
4 5 6 8 9 3 2 7 1 
5 9 7 4 1 2 8 3 6 
8 3 4 9 7 6 5 1 2 
2 6 1 5 3 8 7 9 4 

OK!
Costed time:835ms
