
7 1 2 3 4 5 6 8 9 
3 4 5 6 8 9 1 2 7 
6 8 9 1 2 7 3 4 5 
1 2 3 7 5 4 9 6 8 
9 7 8 2 6 1 4 5 3 
4 5 6 8 9 3 2 7 1 
2 3 1 5 7 6 8 9 4 
5 6 4 9 1 8 7 3 2 
8 9 7 4 3 2 5 1 6 

7 1 2 3 4 5 6 8 9 
3 4 5 6 8 9 1 2 7 
6 8 9 1 2 7 3 4 5 
1 2 3 7 5 4 9 6 8 
9 7 8 2 6 1 4 5 3 
4 5 6 8 9 3 2 7 1 
2 3 1 5 7 6 8 9 4 
5 6 4 9 3 8 7 1 2 
8 9 7 4 1 2 5 3 6 

7 1 2 3 4 5 6 8 9 
3 4 5 6 8 9 1 2 7 
6 8 9 1 2 7 3 4 5 
1 2 3 7 5 4 9 6 8 
9 7 8 2 6 1 4 5 3 
4 5 6 8 9 3 2 7 1 
2 3 1 5 7 6 8 9 4 
8 9 7 4 1 2 5 3 6 
5 6 4 9 3 8 7 1 2 

7 1 2 3 4 5 6 8 9 
3 4 5 6 8 9 1 2 7 
6 8 9 1 2 7 3 4 5 
1 2 3 7 5 4 9 6 8 
9 7 8 2 6 1 4 5 3 
4 5 6 8 9 3 2 7 1 
2 3 1 5 7 6 8 9 4 
8 9 7 4 3 2 5 1 6 
5 6 4 9 1 8 7 3 2 

7 1 2 3 4 5 6 8 9 
3 4 5 6 8 9 1 2 7 
6 8 9 1 2 7 3 4 5 
1 2 3 7 5 4 9 6 8 
9 7 8 2 6 1 4 5 3 
4 5 6 8 9 3 2 7 1 
2 3 7 5 1 6 8 9 4 
5 6 4 9 3 8 7 1 2 
8 9 1 4 7 2 5 3 6 

7 1 2 3 4 5 6 8 9 
3 4 5 6 8 9 1 2 7 
6 8 9 1 2 7 3 4 5 
1 2 3 7 5 4 9 6 8 
9 7 8 2 6 1 4 5 3 
4 5 6 8 9 3 2 7 1 
2 3 7 5 1 6 8 9 4 
8 9 1 4 7 2 5 3 6 
5 6 4 9 3 8 7 1 2 

7 1 2 3 4 5 6 8 9 
3 4 5 6 8 9 1 2 7 
6 8 9 1 2 7 3 4 5 
1 2 3 7 5 4 9 6 8 
9 7 8 2 6 1 4 5 3 
4 5 6 8 9 3 2 7 1 
2 9 1 5 7 6 8 3 4 
5 6 4 9 3 8 7 1 2 
8 3 7 4 1 2 5 9 6 

7 1 2 3 4 5 6 8 9 
3 4 5 6 8 9 1 2 7 
6 8 9 1 2 7 3 4 5 
1 2 3 7 5 4 9 6 8 
9 7 8 2 6 1 4 5 3 
4 5 6 8 9 3 2 7 1 
2 9 1 5 7 6 8 3 4 
8 3 7 4 1 2 5 9 6 
5 6 4 9 3 8 7 1 2 

7 1 2 3 4 5 6 8 9 
3 4 5 6 8 9 1 2 7 
6 8 9 1 2 7 3 4 5 
1 2 3 7 5 4 9 6 8 
9 7 8 2 6 1 4 5 3 
4 5 6 8 9 3 2 7 1 
2 9 7 5 1 6 8 3 4 
5 6 1 4 3 8 7 9 2 
8 3 4 9 7 2 5 1 6 

7 1 2 3 4 5 6 8 9 
3 4 5 6 8 9 1 2 7 
6 8 9 1 2 7 3 4 5 
1 2 3 7 5 4 9 6 8 
9 7 8 2 6 1 4 5 3 
4 5 6 8 9 3 2 7 1 
2 9 7 5 1 6 8 3 4 
5 6 4 9 3 8 7 1 2 
8 3 1 4 7 2 5 9 6 

7 1 2 3 4 5 6 8 9 
3 4 5 6 8 9 1 2 7 
6 8 9 1 2 7 3 4 5 
1 2 3 7 5 4 9 6 8 
9 7 8 2 6 1 4 5 3 
4 5 6 8 9 3 2 7 1 
2 9 7 5 1 6 8 3 4 
8 3 1 4 7 2 5 9 6 
5 6 4 9 3 8 7 1 2 

7 1 2 3 4 5 6 8 9 
3 4 5 6 8 9 1 2 7 
6 8 9 1 2 7 3 4 5 
1 2 3 7 5 4 9 6 8 
9 7 8 2 6 1 4 5 3 
4 5 6 8 9 3 2 7 1 
2 9 7 5 1 6 8 3 4 
8 3 4 9 7 2 5 1 6 
5 6 1 4 3 8 7 9 2 

7 1 2 3 4 5 6 8 9 
3 4 5 6 8 9 1 2 7 
6 8 9 1 2 7 3 4 5 
1 2 3 7 5 4 9 6 8 
9 7 8 2 6 1 4 5 3 
4 5 6 8 9 3 2 7 1 
2 9 7 5 3 6 8 1 4 
5 6 4 9 1 8 7 3 2 
8 3 1 4 7 2 5 9 6 

7 1 2 3 4 5 6 8 9 
3 4 5 6 8 9 1 2 7 
6 8 9 1 2 7 3 4 5 
1 2 3 7 5 4 9 6 8 
9 7 8 2 6 1 4 5 3 
4 5 6 8 9 3 2 7 1 
2 9 7 5 3 6 8 1 4 
8 3 1 4 7 2 5 9 6 
5 6 4 9 1 8 7 3 2 

7 1 2 3 4 5 6 8 9 
3 4 5 6 8 9 1 2 7 
6 8 9 1 2 7 3 4 5 
1 2 3 7 5 4 9 6 8 
9 7 8 2 6 1 4 5 3 
4 5 6 8 9 3 2 7 1 
2 3 1 4 7 8 5 9 6 
5 6 7 9 1 2 8 3 4 
8 9 4 5 3 6 7 1 2 

7 1 2 3 4 5 6 8 9 
3 4 5 6 8 9 1 2 7 
6 8 9 1 2 7 3 4 5 
1 2 3 7 5 4 9 6 8 
9 7 8 2 6 1 4 5 3 
4 5 6 8 9 3 2 7 1 
2 3 1 4 7 8 5 9 6 
5 6 7 9 3 2 8 1 4 
8 9 4 5 1 6 7 3 2 

7 1 2 3 4 5 6 8 9 
3 4 5 6 8 9 1 2 7 
6 8 9 1 2 7 3 4 5 
1 2 3 7 5 4 9 6 8 
9 7 8 2 6 1 4 5 3 
4 5 6 8 9 3 2 7 1 
2 3 1 4 7 8 5 9 6 
8 9 4 5 1 6 7 3 2 
5 6 7 9 3 2 8 1 4 

7 1 2 3 4 5 6 8 9 
3 4 5 6 8 9 1 2 7 
6 8 9 1 2 7 3 4 5 
1 2 3 7 5 4 9 6 8 
9 7 8 2 6 1 4 5 3 
4 5 6 8 9 3 2 7 1 
2 3 1 4 7 8 5 9 6 
8 9 4 5 3 6 7 1 2 
5 6 7 9 1 2 8 3 4 

7 1 2 3 4 5 6 8 9 
3 4 5 6 8 9 1 2 7 
6 8 9 1 2 7 3 4 5 
1 2 3 7 5 4 9 6 8 
9 7 8 2 6 1 4 5 3 
4 5 6 8 9 3 2 7 1 
2 3 7 4 1 8 5 9 6 
5 6 1 9 7 2 8 3 4 
8 9 4 5 3 6 7 1 2 

7 1 2 3 4 5 6 8 9 
3 4 5 6 8 9 1 2 7 
6 8 9 1 2 7 3 4 5 
1 2 3 7 5 4 9 6 8 
9 7 8 2 6 1 4 5 3 
4 5 6 8 9 3 2 7 1 
2 3 7 4 1 8 5 9 6 
8 9 4 5 3 6 7 1 2 
5 6 1 9 7 2 8 3 4 

7 1 2 3 4 5 6 8 9 
3 4 5 6 8 9 1 2 7 
6 8 9 1 2 7 3 4 5 
1 2 3 7 5 4 9 6 8 
9 7 8 2 6 1 4 5 3 
4 5 6 8 9 3 2 7 1 
2 9 1 4 7 8 5 3 6 
5 6 7 9 3 2 8 1 4 
8 3 4 5 1 6 7 9 2 

7 1 2 3 4 5 6 8 9 
3 4 5 6 8 9 1 2 7 
6 8 9 1 2 7 3 4 5 
1 2 3 7 5 4 9 6 8 
9 7 8 2 6 1 4 5 3 
4 5 6 8 9 3 2 7 1 
2 9 1 4 7 8 5 3 6 
8 3 4 5 1 6 7 9 2 
5 6 7 9 3 2 8 1 4 

7 1 2 3 4 5 6 8 9 
3 4 5 6 8 9 1 2 7 
6 8 9 1 2 7 3 4 5 
1 2 3 7 5 4 9 6 8 
9 7 8 2 6 1 4 5 3 
4 5 6 8 9 3 2 7 1 
2 9 7 4 1 8 5 3 6 
5 3 4 9 7 6 8 1 2 
8 6 1 5 3 2 7 9 4 
